Optimization terminated successfully.
         Current function value: 0.841405
         Iterations 6
                          MNLogit Regression Results                          
==============================================================================
Dep. Variable:                Cluster   No. Observations:                13575
Model:                        MNLogit   Df Residuals:                    13481
Method:                           MLE   Df Model:                           92
Date:                Fri, 09 May 2014   Pseudo R-squ.:                 0.08447
Time:                        10:25:59   Log-Likelihood:                -11422.
converged:                       True   LL-Null:                       -12476.
                                        LLR p-value:                     0.000
===================================================================================================
       Cluster=Housing Dominant       coef    std err          z      P>|z|      [95.0% Conf. Int.]
---------------------------------------------------------------------------------------------------
const                               0.9396      0.179      5.260      0.000         0.589     1.290
AS_COMP1                           -0.2471      0.046     -5.358      0.000        -0.337    -0.157
AS_COMP2                           -0.0170      0.047     -0.359      0.720        -0.110     0.076
AS_COMP3                            0.0696      0.092      0.758      0.449        -0.110     0.250
AS_COMP4                            0.0636      0.092      0.688      0.491        -0.118     0.245
AS_COMP5                            0.2184      0.112      1.946      0.052        -0.002     0.438
PERSLT18                           -0.1392      0.083     -1.670      0.095        -0.302     0.024
PERSOT64                           -0.2313      0.071     -3.271      0.001        -0.370    -0.093
NO_EARNR                           -0.0101      0.087     -0.116      0.908        -0.182     0.161
PRINEARN                            0.0209      0.040      0.521      0.602        -0.058     0.100
AGE_REF_2                           0.2582      0.102      2.531      0.011         0.058     0.458
AGE_REF_3                           0.2627      0.105      2.504      0.012         0.057     0.468
AGE_REF_4                           0.0885      0.102      0.865      0.387        -0.112     0.289
AGE_REF_5                           0.0842      0.104      0.808      0.419        -0.120     0.288
AGE_REF_6                           0.3422      0.143      2.395      0.017         0.062     0.622
AGE_REF_7                           0.5024      0.149      3.365      0.001         0.210     0.795
REF_RACE_2                          0.2465      0.067      3.676      0.000         0.115     0.378
REF_RACE_3                         -0.5860      0.255     -2.300      0.021        -1.086    -0.087
REF_RACE_4                         -0.0002      0.094     -0.002      0.998        -0.184     0.184
REF_RACE_5                         -0.0666      0.289     -0.230      0.818        -0.633     0.500
REF_RACE_6                          0.0632      0.200      0.316      0.752        -0.328     0.454
HIGH_EDU_12                         0.0085      0.083      0.102      0.919        -0.154     0.171
HIGH_EDU_13                         0.0984      0.086      1.148      0.251        -0.070     0.266
HIGH_EDU_14                         0.2344      0.099      2.372      0.018         0.041     0.428
HIGH_EDU_15                         0.2303      0.089      2.585      0.010         0.056     0.405
HIGH_EDU_16                         0.2207      0.100      2.202      0.028         0.024     0.417
HIGH_EDU_17                         0.4101      0.127      3.240      0.001         0.162     0.658
BLS_URBN_2                         -0.6504      0.093     -6.991      0.000        -0.833    -0.468
CUTENURE_2                         -1.6163      0.060    -26.926      0.000        -1.734    -1.499
CUTENURE_4                          0.0665      0.059      1.125      0.260        -0.049     0.182
CUTENURE_5                         -1.3553      0.170     -7.966      0.000        -1.689    -1.022
CUTENURE_6                         -2.9486      0.373     -7.911      0.000        -3.679    -2.218
EARNCOMP_2                         -0.1164      0.102     -1.143      0.253        -0.316     0.083
EARNCOMP_3                         -0.1179      0.211     -0.559      0.576        -0.531     0.295
EARNCOMP_4                          0.1792      0.127      1.407      0.159        -0.070     0.429
EARNCOMP_5                          0.0511      0.102      0.502      0.616        -0.149     0.251
EARNCOMP_6                         -0.0012      0.226     -0.005      0.996        -0.445     0.442
EARNCOMP_7                          0.1102      0.126      0.876      0.381        -0.136     0.357
EARNCOMP_8                          0.0877      0.114      0.768      0.442        -0.136     0.311
INCLASS_2                          -0.0317      0.137     -0.230      0.818        -0.301     0.238
INCLASS_3                           0.1563      0.128      1.224      0.221        -0.094     0.407
INCLASS_4                           0.2987      0.129      2.308      0.021         0.045     0.552
INCLASS_5                           0.3680      0.121      3.050      0.002         0.132     0.605
INCLASS_6                           0.4396      0.126      3.492      0.000         0.193     0.686
INCLASS_7                           0.2494      0.130      1.920      0.055        -0.005     0.504
INCLASS_8                           0.1502      0.125      1.200      0.230        -0.095     0.395
INCLASS_9                           0.0477      0.125      0.380      0.704        -0.198     0.293
---------------------------------------------------------------------------------------------------
Cluster=Transportation Dominant       coef    std err          z      P>|z|      [95.0% Conf. Int.]
---------------------------------------------------------------------------------------------------
const                              -1.1800      0.271     -4.354      0.000        -1.711    -0.649
AS_COMP1                           -0.0321      0.066     -0.489      0.625        -0.161     0.097
AS_COMP2                            0.0036      0.068      0.053      0.958        -0.129     0.136
AS_COMP3                           -0.0429      0.129     -0.334      0.739        -0.295     0.209
AS_COMP4                           -0.0559      0.130     -0.430      0.667        -0.310     0.199
AS_COMP5                           -0.1221      0.163     -0.751      0.453        -0.441     0.197
PERSLT18                           -0.0749      0.115     -0.651      0.515        -0.300     0.151
PERSOT64                           -0.2560      0.106     -2.414      0.016        -0.464    -0.048
NO_EARNR                            0.0266      0.110      0.241      0.810        -0.190     0.243
PRINEARN                            0.1082      0.052      2.070      0.038         0.006     0.211
AGE_REF_2                           0.0052      0.142      0.037      0.971        -0.273     0.284
AGE_REF_3                          -0.2787      0.149     -1.868      0.062        -0.571     0.014
AGE_REF_4                          -0.4879      0.145     -3.356      0.001        -0.773    -0.203
AGE_REF_5                          -0.5414      0.149     -3.641      0.000        -0.833    -0.250
AGE_REF_6                          -0.3412      0.214     -1.594      0.111        -0.761     0.078
AGE_REF_7                          -0.6002      0.234     -2.569      0.010        -1.058    -0.142
REF_RACE_2                          0.2845      0.098      2.895      0.004         0.092     0.477
REF_RACE_3                         -0.7656      0.452     -1.694      0.090        -1.651     0.120
REF_RACE_4                         -0.2361      0.150     -1.579      0.114        -0.529     0.057
REF_RACE_5                         -0.3684      0.475     -0.776      0.438        -1.298     0.562
REF_RACE_6                         -0.0633      0.309     -0.205      0.838        -0.669     0.543
HIGH_EDU_12                         0.2317      0.142      1.636      0.102        -0.046     0.509
HIGH_EDU_13                         0.3735      0.143      2.613      0.009         0.093     0.654
HIGH_EDU_14                         0.3968      0.158      2.505      0.012         0.086     0.707
HIGH_EDU_15                         0.3287      0.148      2.227      0.026         0.039     0.618
HIGH_EDU_16                         0.2285      0.163      1.400      0.162        -0.091     0.548
HIGH_EDU_17                         0.1600      0.207      0.773      0.440        -0.246     0.566
BLS_URBN_2                          0.0785      0.118      0.664      0.507        -0.153     0.310
CUTENURE_2                         -0.3486      0.083     -4.201      0.000        -0.511    -0.186
CUTENURE_4                         -0.1472      0.090     -1.643      0.100        -0.323     0.028
CUTENURE_5                         -0.2453      0.227     -1.080      0.280        -0.691     0.200
CUTENURE_6                         -0.2097      0.288     -0.728      0.467        -0.774     0.355
EARNCOMP_2                          0.1682      0.133      1.263      0.206        -0.093     0.429
EARNCOMP_3                          0.4459      0.260      1.715      0.086        -0.064     0.955
EARNCOMP_4                          0.2790      0.166      1.682      0.093        -0.046     0.604
EARNCOMP_5                          0.1611      0.146      1.105      0.269        -0.125     0.447
EARNCOMP_6                          0.2665      0.291      0.915      0.360        -0.305     0.838
EARNCOMP_7                          0.0404      0.184      0.219      0.827        -0.321     0.402
EARNCOMP_8                         -0.1987      0.162     -1.228      0.219        -0.516     0.118
INCLASS_2                          -0.1267      0.232     -0.545      0.586        -0.582     0.329
INCLASS_3                           0.2479      0.212      1.170      0.242        -0.167     0.663
INCLASS_4                           0.2553      0.216      1.185      0.236        -0.167     0.678
INCLASS_5                           0.4925      0.196      2.517      0.012         0.109     0.876
INCLASS_6                           0.5394      0.201      2.684      0.007         0.145     0.933
INCLASS_7                           0.4015      0.207      1.942      0.052        -0.004     0.807
INCLASS_8                           0.4390      0.199      2.210      0.027         0.050     0.828
INCLASS_9                           0.3653      0.199      1.833      0.067        -0.025     0.756
===================================================================================================
