       MNLogit Marginal Effects      
=====================================
Dep. Variable:                Cluster
Method:                          dydx
At:                           overall
===================================================================================================
          Cluster=Food Dominant      dy/dx    std err          z      P>|z|      [95.0% Conf. Int.]
---------------------------------------------------------------------------------------------------
AS_COMP1                            0.0381      0.008      4.678      0.000         0.022     0.054
AS_COMP2                            0.0024      0.008      0.287      0.774        -0.014     0.019
AS_COMP3                           -0.0088      0.016     -0.542      0.588        -0.041     0.023
AS_COMP4                           -0.0075      0.016     -0.455      0.649        -0.040     0.025
AS_COMP5                           -0.0282      0.020     -1.402      0.161        -0.068     0.011
PERSLT18                            0.0236      0.015      1.598      0.110        -0.005     0.052
PERSOT64                            0.0440      0.012      3.542      0.000         0.020     0.068
NO_EARNR                            0.0005      0.015      0.035      0.972        -0.029     0.030
PRINEARN                           -0.0071      0.007     -0.999      0.318        -0.021     0.007
AGE_REF_2                          -0.0388      0.018     -2.104      0.035        -0.075    -0.003
AGE_REF_3                          -0.0291      0.019     -1.537      0.124        -0.066     0.008
AGE_REF_4                           0.0046      0.018      0.250      0.803        -0.031     0.041
AGE_REF_5                           0.0072      0.019      0.385      0.700        -0.029     0.044
AGE_REF_6                          -0.0387      0.026     -1.518      0.129        -0.089     0.011
AGE_REF_7                          -0.0532      0.027     -1.993      0.046        -0.106    -0.001
REF_RACE_2                         -0.0473      0.012     -3.893      0.000        -0.071    -0.023
REF_RACE_3                          0.1157      0.046      2.519      0.012         0.026     0.206
REF_RACE_4                          0.0087      0.017      0.509      0.611        -0.025     0.042
REF_RACE_5                          0.0234      0.053      0.445      0.657        -0.080     0.127
REF_RACE_6                         -0.0071      0.036     -0.196      0.844        -0.078     0.064
HIGH_EDU_12                        -0.0097      0.015     -0.646      0.518        -0.039     0.020
HIGH_EDU_13                        -0.0284      0.016     -1.828      0.067        -0.059     0.002
HIGH_EDU_14                        -0.0496      0.018     -2.778      0.005        -0.085    -0.015
HIGH_EDU_15                        -0.0465      0.016     -2.881      0.004        -0.078    -0.015
HIGH_EDU_16                        -0.0414      0.018     -2.284      0.022        -0.077    -0.006
HIGH_EDU_17                        -0.0672      0.023     -2.933      0.003        -0.112    -0.022
BLS_URBN_2                          0.0944      0.016      5.938      0.000         0.063     0.126
CUTENURE_2                          0.2546      0.010     26.687      0.000         0.236     0.273
CUTENURE_4                         -0.0046      0.011     -0.423      0.672        -0.026     0.017
CUTENURE_5                          0.2117      0.029      7.262      0.000         0.155     0.269
CUTENURE_6                          0.4488      0.059      7.651      0.000         0.334     0.564
EARNCOMP_2                          0.0113      0.018      0.628      0.530        -0.024     0.046
EARNCOMP_3                          0.0013      0.037      0.036      0.971        -0.071     0.073
EARNCOMP_4                         -0.0370      0.023     -1.640      0.101        -0.081     0.007
EARNCOMP_5                         -0.0135      0.018     -0.745      0.456        -0.049     0.022
EARNCOMP_6                         -0.0096      0.040     -0.241      0.809        -0.087     0.068
EARNCOMP_7                         -0.0180      0.022     -0.799      0.424        -0.062     0.026
EARNCOMP_8                         -0.0058      0.020     -0.290      0.772        -0.045     0.034
INCLASS_2                           0.0094      0.025      0.380      0.704        -0.039     0.058
INCLASS_3                          -0.0324      0.023     -1.412      0.158        -0.077     0.013
INCLASS_4                          -0.0540      0.023     -2.314      0.021        -0.100    -0.008
INCLASS_5                          -0.0731      0.022     -3.372      0.001        -0.116    -0.031
INCLASS_6                          -0.0855      0.023     -3.785      0.000        -0.130    -0.041
INCLASS_7                          -0.0520      0.023     -2.231      0.026        -0.098    -0.006
INCLASS_8                          -0.0385      0.022     -1.719      0.086        -0.082     0.005
INCLASS_9                          -0.0205      0.022     -0.913      0.361        -0.065     0.024
---------------------------------------------------------------------------------------------------
Cluster=Housing Dominant      dy/dx    std err          z      P>|z|      [95.0% Conf. Int.]
--------------------------------------------------------------------------------------------
AS_COMP1                    -0.0501      0.009     -5.670      0.000        -0.067    -0.033
AS_COMP2                    -0.0038      0.009     -0.417      0.676        -0.022     0.014
AS_COMP3                     0.0173      0.018      0.987      0.324        -0.017     0.052
AS_COMP4                     0.0168      0.018      0.954      0.340        -0.018     0.051
AS_COMP5                     0.0535      0.021      2.522      0.012         0.012     0.095
PERSLT18                    -0.0247      0.016     -1.554      0.120        -0.056     0.006
PERSOT64                    -0.0331      0.014     -2.351      0.019        -0.061    -0.006
NO_EARNR                    -0.0038      0.017     -0.226      0.822        -0.036     0.029
PRINEARN                    -0.0022      0.008     -0.292      0.770        -0.017     0.013
AGE_REF_2                    0.0541      0.019      2.904      0.004         0.018     0.091
AGE_REF_3                    0.0723      0.019      3.740      0.000         0.034     0.110
AGE_REF_4                    0.0484      0.019      2.550      0.011         0.011     0.086
AGE_REF_5                    0.0507      0.019      2.615      0.009         0.013     0.089
AGE_REF_6                    0.0929      0.028      3.372      0.001         0.039     0.147
AGE_REF_7                    0.1424      0.029      4.883      0.000         0.085     0.200
REF_RACE_2                   0.0346      0.012      2.781      0.005         0.010     0.059
REF_RACE_3                  -0.0767      0.052     -1.468      0.142        -0.179     0.026
REF_RACE_4                   0.0144      0.018      0.794      0.427        -0.021     0.050
REF_RACE_5                   0.0084      0.056      0.151      0.880        -0.101     0.118
REF_RACE_6                   0.0172      0.038      0.456      0.648        -0.057     0.091
HIGH_EDU_12                 -0.0123      0.017     -0.746      0.456        -0.045     0.020
HIGH_EDU_13                 -0.0021      0.017     -0.122      0.903        -0.035     0.031
HIGH_EDU_14                  0.0252      0.019      1.310      0.190        -0.012     0.063
HIGH_EDU_15                  0.0285      0.018      1.625      0.104        -0.006     0.063
HIGH_EDU_16                  0.0325      0.020      1.659      0.097        -0.006     0.071
HIGH_EDU_17                  0.0766      0.025      3.101      0.002         0.028     0.125
BLS_URBN_2                  -0.1418      0.018     -7.812      0.000        -0.177    -0.106
CUTENURE_2                  -0.3191      0.010    -30.408      0.000        -0.340    -0.299
CUTENURE_4                   0.0230      0.011      2.099      0.036         0.002     0.044
CUTENURE_5                  -0.2705      0.033     -8.111      0.000        -0.336    -0.205
CUTENURE_6                  -0.6082      0.076     -8.010      0.000        -0.757    -0.459
EARNCOMP_2                  -0.0348      0.019     -1.805      0.071        -0.073     0.003
EARNCOMP_3                  -0.0520      0.040     -1.305      0.192        -0.130     0.026
EARNCOMP_4                   0.0207      0.024      0.872      0.383        -0.026     0.067
EARNCOMP_5                   0.0009      0.019      0.049      0.961        -0.037     0.039
EARNCOMP_6                  -0.0165      0.043     -0.383      0.702        -0.101     0.068
EARNCOMP_7                   0.0207      0.024      0.861      0.389        -0.026     0.068
EARNCOMP_8                   0.0306      0.022      1.384      0.166        -0.013     0.074
INCLASS_2                    0.0011      0.028      0.038      0.970        -0.053     0.056
INCLASS_3                    0.0178      0.025      0.699      0.485        -0.032     0.068
INCLASS_4                    0.0473      0.026      1.842      0.065        -0.003     0.098
INCLASS_5                    0.0475      0.024      1.992      0.046         0.001     0.094
INCLASS_6                    0.0597      0.025      2.416      0.016         0.011     0.108
INCLASS_7                    0.0280      0.026      1.098      0.272        -0.022     0.078
INCLASS_8                    0.0048      0.025      0.197      0.844        -0.043     0.053
INCLASS_9                   -0.0122      0.025     -0.495      0.621        -0.061     0.036
--------------------------------------------------------------------------------------------
Cluster=Transportation Dominant      dy/dx    std err          z      P>|z|      [95.0% Conf. Int.]
---------------------------------------------------------------------------------------------------
AS_COMP1                            0.0119      0.006      2.042      0.041         0.000     0.023
AS_COMP2                            0.0014      0.006      0.230      0.818        -0.010     0.013
AS_COMP3                           -0.0084      0.011     -0.741      0.458        -0.031     0.014
AS_COMP4                           -0.0093      0.011     -0.814      0.416        -0.032     0.013
AS_COMP5                           -0.0252      0.014     -1.772      0.076        -0.053     0.003
PERSLT18                            0.0012      0.010      0.116      0.908        -0.019     0.021
PERSOT64                           -0.0109      0.010     -1.113      0.266        -0.030     0.008
NO_EARNR                            0.0032      0.010      0.330      0.742        -0.016     0.022
PRINEARN                            0.0093      0.005      2.053      0.040         0.000     0.018
AGE_REF_2                          -0.0152      0.012     -1.273      0.203        -0.039     0.008
AGE_REF_3                          -0.0432      0.013     -3.394      0.001        -0.068    -0.018
AGE_REF_4                          -0.0530      0.012     -4.241      0.000        -0.077    -0.029
AGE_REF_5                          -0.0579      0.013     -4.509      0.000        -0.083    -0.033
AGE_REF_6                          -0.0542      0.019     -2.830      0.005        -0.092    -0.017
AGE_REF_7                          -0.0892      0.021     -4.218      0.000        -0.131    -0.048
REF_RACE_2                          0.0127      0.008      1.509      0.131        -0.004     0.029
REF_RACE_3                         -0.0390      0.042     -0.927      0.354        -0.121     0.043
REF_RACE_4                         -0.0230      0.013     -1.727      0.084        -0.049     0.003
REF_RACE_5                         -0.0319      0.042     -0.752      0.452        -0.115     0.051
REF_RACE_6                         -0.0100      0.027     -0.371      0.711        -0.063     0.043
HIGH_EDU_12                         0.0221      0.013      1.709      0.087        -0.003     0.047
HIGH_EDU_13                         0.0304      0.013      2.347      0.019         0.005     0.056
HIGH_EDU_14                         0.0244      0.014      1.717      0.086        -0.003     0.052
HIGH_EDU_15                         0.0180      0.013      1.349      0.177        -0.008     0.044
HIGH_EDU_16                         0.0088      0.015      0.599      0.549        -0.020     0.038
HIGH_EDU_17                        -0.0094      0.019     -0.504      0.614        -0.046     0.027
BLS_URBN_2                          0.0473      0.011      4.363      0.000         0.026     0.069
CUTENURE_2                          0.0646      0.007      8.978      0.000         0.050     0.079
CUTENURE_4                         -0.0184      0.008     -2.389      0.017        -0.034    -0.003
CUTENURE_5                          0.0587      0.021      2.813      0.005         0.018     0.100
CUTENURE_6                          0.1594      0.032      5.025      0.000         0.097     0.222
EARNCOMP_2                          0.0235      0.012      2.018      0.044         0.001     0.046
EARNCOMP_3                          0.0507      0.023      2.234      0.025         0.006     0.095
EARNCOMP_4                          0.0163      0.014      1.144      0.253        -0.012     0.044
EARNCOMP_5                          0.0126      0.013      0.979      0.328        -0.013     0.038
EARNCOMP_6                          0.0261      0.026      1.014      0.311        -0.024     0.076
EARNCOMP_7                         -0.0028      0.016     -0.170      0.865        -0.035     0.029
EARNCOMP_8                         -0.0247      0.015     -1.702      0.089        -0.053     0.004
INCLASS_2                          -0.0104      0.021     -0.485      0.628        -0.053     0.032
INCLASS_3                           0.0146      0.019      0.756      0.450        -0.023     0.053
INCLASS_4                           0.0067      0.020      0.341      0.733        -0.032     0.045
INCLASS_5                           0.0256      0.018      1.439      0.150        -0.009     0.060
INCLASS_6                           0.0258      0.018      1.419      0.156        -0.010     0.061
INCLASS_7                           0.0240      0.019      1.279      0.201        -0.013     0.061
INCLASS_8                           0.0337      0.018      1.866      0.062        -0.002     0.069
INCLASS_9                           0.0327      0.018      1.806      0.071        -0.003     0.068
===================================================================================================
